20090821,MSFT,23.93,24.42,23.77,24.41,690189
20090824,MSFT,24.37,24.7326,24.28,24.64,541808
20090825,MSFT,24.6,24.82,24.46,24.64,439802
20090826,MSFT,24.56,24.75,24.42,24.55,410790
20090827,MSFT,24.42,24.78,24.3,24.69,454956
20090828,MSFT,25.05,25.49,24.61,24.68,558079
20090831,MSFT,24.56,24.85,24.29,24.65,495971
20090901,MSFT,24.37,24.74,23.9,24,626084
20090902,MSFT,23.82,24.14,23.78,23.86,407712
20090903,MSFT,23.91,24.14,23.76,24.11,341203
20090904,MSFT,24.14,24.8001,24.08,24.62,449996
20090909,MSFT,24.72,24.95,24.665,24.78,499002
20090910,MSFT,24.79,25.05,24.65,25,462587
20090911,MSFT,24.92,25.17,24.81,24.86,543042
20090914,MSFT,24.65,25.09,24.64,25,428101
20090915,MSFT,24.95,25.27,24.86,25.2,447184
20090916,MSFT,25.25,25.35,24.95,25.2,500557
20090917,MSFT,25.06,25.38,25.06,25.3,424316
20090918,MSFT,25.46,25.48,25.1,25.26,680164
20090921,MSFT,25.1,25.37,25.1,25.3,288786
20090922,MSFT,25.42,25.82,25.29,25.77,613783
20090923,MSFT,25.92,26.25,25.64,25.71,606035
20090924,MSFT,25.89,26.11,25.66,25.94,563106
20090925,MSFT,25.68,25.82,25.52,25.55,501610
20090928,MSFT,25.6,26.16,25.6,25.83,443635
20090929,MSFT,25.9,25.96,25.69,25.75,390502
20090930,MSFT,25.75,25.99,25.38,25.72,635376
20091001,MSFT,25.39,25.47,24.8,24.88,759580
20091002,MSFT,24.5,25.09,24.43,24.96,512262
20091005,MSFT,24.97,25.06,24.52,24.64,604091
20091006,MSFT,24.7,25.21,24.655,25.11,487952
20091007,MSFT,24.97,25.18,24.88,25.1,384738
20091008,MSFT,25.435,25.9,25.22,25.67,605212
20091009,MSFT,25.56,25.79,25.46,25.55,395222
20091012,MSFT,25.65,25.89,25.55,25.72,291535
20091013,MSFT,25.56,25.94,25.52,25.81,377489
20091014,MSFT,26.13,26.2,25.82,25.96,453654
20091015,MSFT,25.93,26.71,25.9,26.71,656201
20091016,MSFT,26.47,26.63,26.1,26.5,565008
20091019,MSFT,26.54,26.58,26.25,26.36,481431
20091020,MSFT,26.37,26.51,25.94,26.37,546134
20091021,MSFT,26.43,26.75,26.39,26.58,616726
20091022,MSFT,26.55,26.72,26.13,26.59,615999
20091023,MSFT,29.05,29.35,27.88,28.02,2817609
20091026,MSFT,28.14,29.02,28.11,28.68,1241496
20091027,MSFT,28.73,28.88,28.44,28.59,696857
20091028,MSFT,28.16,28.77,27.95,28.02,735423
20091105,MSFT,28.55,28.74,28.28,28.47,526833
20091106,MSFT,28.32,28.63,28.2,28.52,389099
20091109,MSFT,28.6,29,28.53,28.99,575220
20091110,MSFT,28.88,29.28,28.81,29.01,658810
20091111,MSFT,29.07,29.3,29.02,29.12,496933
20091113,MSFT,29.46,29.79,29.37,29.63,530449
20091116,MSFT,29.58,29.8,29.37,29.54,541295
20091117,MSFT,29.5,30,29.47,30,756488
20091118,MSFT,29.99,30.14,29.81,30.11,594409
20091119,MSFT,29.98,30,29.7,29.78,519676
20091120,MSFT,29.67,29.77,29.43,29.62,426480
20091123,MSFT,29.74,30.01,29.7,29.94,418363
20091124,MSFT,29.94,29.99,29.75,29.91,373413
20091125,MSFT,29.82,29.86,29.58,29.79,320361
20091127,MSFT,29.01,29.39,28.75,29.22,293578
20091130,MSFT,29.08,29.45,29,29.41,441746
20091201,MSFT,29.5,30.05,29.41,30.01,499071
20091202,MSFT,29.88,29.99,29.65,29.78,363085
20091203,MSFT,29.78,30.2,29.76,29.83,430963
20091204,MSFT,30.04,30.37,29.83,29.98,588199
20091207,MSFT,29.71,30.08,29.68,29.79,380826
20091208,MSFT,29.51,29.74,29.38,29.57,374079
20091209,MSFT,29.33,29.81,29.25,29.71,447193
20091210,MSFT,29.67,29.96,29.66,29.87,459407
20091211,MSFT,29.94,30,29.79,29.85,437465
20091214,MSFT,29.91,30.16,29.9,30.11,346511
20091215,MSFT,29.88,30.21,29.88,30.02,494731
20091216,MSFT,30.08,30.41,30.04,30.1,557411
20091217,MSFT,29.95,29.96,29.57,29.6,436911
20091218,MSFT,29.84,30.45,29.8,30.36,941179
20091221,MSFT,30.38,30.84,30.37,30.52,401328
20091222,MSFT,30.6,30.93,30.54,30.82,363209
20091223,MSFT,30.7,30.95,30.69,30.92,283626
20091224,MSFT,30.82,31,30.76,31,110838
20091228,MSFT,30.99,31.18,30.89,31.17,253855
20091229,MSFT,31.25,31.5,31.23,31.39,297224
20091230,MSFT,31.1,31.29,30.8,30.96,420075
20091231,MSFT,30.98,30.99,30.48,30.48,319296
20100104,MSFT,30.65,31.1,30.59,30.95,384141
20100105,MSFT,30.87,31.1,30.64,30.96,497588
20100106,MSFT,30.88,31.08,30.52,30.77,581823
20100107,MSFT,30.61,30.7,30.19,30.452,505642
20100108,MSFT,30.27,30.88,30.24,30.66,512012
20100111,MSFT,30.72,30.76,30.12,30.27,687546
20100112,MSFT,30.16,30.4,29.91,30.07,659132
20100113,MSFT,30.26,30.52,30.01,30.35,518634
20100114,MSFT,30.26,31.1,30.26,30.96,632447
20100115,MSFT,31.2,31.24,30.71,30.86,799156
20100119,MSFT,30.68,31.24,30.68,31.1,465828
20100120,MSFT,30.78,30.94,30.31,30.585,548577
20100121,MSFT,30.61,30.72,30,30.01,730867
20100122,MSFT,30,30.2,28.84,28.96,1020045
20100125,MSFT,29.2,29.66,29.1,29.32,633811
20100126,MSFT,29.14,29.85,29.09,29.5,666476
20100127,MSFT,29.3,29.82,29.02,29.67,639494
20100128,MSFT,29.83,29.87,28.89,29.16,1175136
20100129,MSFT,29.89,29.92,27.66,28.18,1938884
20100201,MSFT,28.4,28.48,27.92,28.41,859310
20100202,MSFT,28.37,28.5,28.14,28.46,544136
20100203,MSFT,28.22,28.79,28.12,28.63,613978
20100204,MSFT,28.35,28.5,27.81,27.84,778499
20100205,MSFT,27.97,28.28,27.57,28.02,809600
20100208,MSFT,27.96,28.08,27.57,27.72,528264
20100209,MSFT,27.97,28.34,27.75,28.01,591957
20100210,MSFT,28.01,28.24,27.84,27.99,485912
20100211,MSFT,27.91,28.4,27.7,28.12,659959
20100212,MSFT,27.78,28.06,27.58,27.93,811215
20100216,MSFT,28.13,28.37,28.02,28.35,513175
20100217,MSFT,28.58,28.65,28.36,28.59,458828
20100218,MSFT,28.59,29.03,28.51,28.969,428565
20100219,MSFT,28.77,28.92,28.69,28.77,444616
20100222,MSFT,28.84,28.94,28.65,28.73,367103
20100223,MSFT,28.67,28.83,28.09,28.33,522700
20100224,MSFT,28.53,28.79,28.38,28.63,431668
20100225,MSFT,28.17,28.65,28.02,28.6,487352
20100226,MSFT,28.64,28.85,28.51,28.67,403728
20100301,MSFT,28.77,29.05,28.53,29.02,438053
20100302,MSFT,29.06,29.3,28.24,28.46,931298
20100303,MSFT,28.52,28.61,28.35,28.46,484420
20100304,MSFT,28.44,28.65,28.27,28.63,428941
20100305,MSFT,28.64,28.68,28.42,28.5875,560050
20100308,MSFT,28.51,28.93,28.5,28.63,394213
20100309,MSFT,28.56,29.11,28.55,28.8,502784
20100310,MSFT,28.86,29.11,28.8,28.97,448986
20100311,MSFT,28.95,29.19,28.85,29.18,353536
20100312,MSFT,29.32,29.38,29.04,29.27,317093
20100315,MSFT,29.21,29.37,29.01,29.29,375167
20100316,MSFT,29.42,29.49,29.2,29.37,367329
20100317,MSFT,29.5,29.87,29.4,29.63,503866
20100318,MSFT,29.63,29.72,29.5,29.61,438452
20100319,MSFT,29.8,29.9,29.35,29.59,813410
20100322,MSFT,29.5,29.7,29.39,29.6,377181
20100323,MSFT,29.63,29.9,29.41,29.88,420265
20100324,MSFT,29.68,29.85,29.6,29.65,339935
20100325,MSFT,29.83,30.57,29.8,30.01,731766
20100326,MSFT,30.11,30.2,29.59,29.66,556047
20100329,MSFT,29.7,29.82,29.55,29.59,333407
20100330,MSFT,29.55,29.86,29.5,29.77,349558
20100331,MSFT,29.65,29.72,29.17,29.2875,637626
20100401,MSFT,29.35,29.54,28.62,29.16,747680
20100405,MSFT,29.09,29.425,29.03,29.27,343382
20100406,MSFT,29.1,29.58,28.98,29.32,473667
20100407,MSFT,29.15,29.56,29.14,29.35,583205
20100408,MSFT,29.3,29.975,29.3,29.92,637137
20100409,MSFT,29.95,30.41,29.895,30.34,547554
20100412,MSFT,30.26,30.49,30.205,30.32,370742
20100413,MSFT,30.17,30.5,30.13,30.45,413745
20100414,MSFT,30.75,31,30.66,30.82,689411
20100415,MSFT,30.81,30.95,30.71,30.87,527480
20100416,MSFT,30.75,30.98,30.6,30.67,887078
20100419,MSFT,30.77,31.25,30.76,31.039,649702
20100420,MSFT,31.21,31.44,31.13,31.36,522060
20100421,MSFT,31.32,31.5,31.23,31.332,553430
20100422,MSFT,31.01,31.53,30.9,31.39,848475
20100423,MSFT,31.11,31.58,30.65,30.96,1267665
20100426,MSFT,31,31.275,30.86,31.11,636522
20100427,MSFT,30.94,31.25,30.7493,30.845,687323
20100428,MSFT,30.88,31,30.62,30.91,645579
20100429,MSFT,30.96,31.4333,30.67,31.003,526717
20100430,MSFT,31.05,31.08,30.52,30.535,632202
20100503,MSFT,30.67,31.0606,30.58,30.86,439900
20100504,MSFT,30.5,30.55,29.75,30.13,820855
20100505,MSFT,29.72,30.09,29.69,29.85,668337
20100506,MSFT,29.56,29.88,27.91,28.98,1286129
20100507,MSFT,28.9,28.95,27.32,28.21,1737180
20100510,MSFT,28.97,29.48,28.71,28.94,866562
20100511,MSFT,28.69,29.65,28.57,28.88,638030
20100512,MSFT,29.02,29.58,28.92,29.44,471524
20100513,MSFT,29.27,29.73,29.18,29.24,452916
20100514,MSFT,29.17,29.21,28.64,28.93,633339
20100517,MSFT,29.19,29.23,28.45,28.94,460554
20100518,MSFT,28.86,29,28.4,28.5975,527721
20100519,MSFT,28.52,28.69,27.79,28.24,617541
20100520,MSFT,27.62,27.84,27.04,27.11,879910
20100521,MSFT,26.57,27.11,26.44,26.84,1176002
20100524,MSFT,26.81,26.86,26.26,26.27,736294
20100525,MSFT,25.65,26.33,25.38,26.07,983735
20100526,MSFT,26.24,26.605,24.56,25.01,1766840
20100527,MSFT,25.74,26.36,25.725,26,1364345
20100528,MSFT,25.82,26.12,25.66,25.8,675022
20100601,MSFT,25.57,26.31,25.52,25.89,761554
20100602,MSFT,26.05,26.48,25.73,26.46,657187
20100603,MSFT,26.54,26.93,26.41,26.86,678393
20100604,MSFT,26.11,26.57,25.62,25.79,898332
20100607,MSFT,25.82,25.83,25.24,25.29,804561
20100608,MSFT,25.23,25.26,24.65,25.11,873549
20100609,MSFT,25.22,25.52,24.75,24.79,878084
20100610,MSFT,25.13,25.15,24.78,25,789504
20100611,MSFT,25.05,25.72,24.77,25.66,680577
20100614,MSFT,25.89,25.96,25.47,25.495,509723
20100615,MSFT,25.77,26.65,25.74,26.5825,816442
20100616,MSFT,26.5,26.58,26.23,26.32,486993
20100617,MSFT,26.61,26.67,26.04,26.37,479986
20100618,MSFT,26.36,26.53,26.17,26.44,520792
20100621,MSFT,26.75,26.89,25.89,25.95,546252
20100622,MSFT,26.17,26.45,25.76,25.77,559863
20100623,MSFT,25.75,25.78,25.22,25.308,614682
20100624,MSFT,25.46,25.72,24.93,25,852521
20100625,MSFT,25.02,25.11,24.31,24.5325,1562566
20100628,MSFT,24.5,24.61,24.12,24.31,737878
20100629,MSFT,24.1,24.2,23.11,23.31,1198857
20100630,MSFT,23.25,23.68,22.95,23.01,810579
20100701,MSFT,23.09,23.32,22.73,23.16,922394
20100702,MSFT,23.31,23.48,23.05,23.27,624894
20100706,MSFT,23.72,24.09,23.584,23.82,735945
20100707,MSFT,23.82,24.32,23.61,24.3,819672
20100709,MSFT,24.27,24.41,24.15,24.27,538113
20100712,MSFT,24.44,24.89,24.42,24.83,498622
20100713,MSFT,25.14,25.3,24.9,25.13,619286
20100714,MSFT,25.51,25.61,25.12,25.44,728080
20100715,MSFT,25.49,25.59,24.98,25.51,569346
20100716,MSFT,25.51,25.64,24.88,24.89,650647
20100719,MSFT,24.95,25.3,24.91,25.23,381817
20100720,MSFT,24.87,25.48,24.7,25.48,455301
20100721,MSFT,25.6,25.65,24.975,25.12,732975
20100722,MSFT,25.5,25.99,25.47,25.84,730163
20100723,MSFT,25.83,26.02,25.25,25.81,1085200
20100726,MSFT,25.89,26.2,25.8,26.1,672498
20100727,MSFT,26.1,26.24,25.96,26.16,606824
20100728,MSFT,26.08,26.19,25.83,25.95,697047
20100729,MSFT,26.14,26.41,25.6,26.03,694461
20100730,MSFT,25.72,25.84,25.35,25.81,835347
20100802,MSFT,25.98,26.38,25.75,26.33,550445
20100803,MSFT,26.27,26.35,25.97,26.16,568776
20100804,MSFT,26.16,26.24,25.44,25.73,785318
20100805,MSFT,25.5,25.58,25.21,25.37,649220
20100806,MSFT,25.18,25.56,25.02,25.55,559854
20100809,MSFT,25.55,25.73,25.37,25.61,571025
20100810,MSFT,25.33,25.34,24.88,25.07,872576
20100811,MSFT,24.67,24.9,24.56,24.86,767458
20100813,MSFT,24.34,24.67,24.24,24.4,452634
20100816,MSFT,24.34,24.61,24.3,24.5,409683
20100817,MSFT,24.7,24.96,24.6,24.71,529350
20100819,MSFT,24.58,24.74,24.21,24.44,540690
20100820,MSFT,24.31,24.4,24.2,24.23,495657
20090821,GOOG,464.84,466.09,462.65,465.24,35643
20090824,GOOG,467.08,470.09,464.425,468.73,24593
20090825,GOOG,469.09,474.35,468.72,471.37,23430
20090826,GOOG,472.6,473,466.7,468,19884
20090827,GOOG,466.58,468.58,460.73,466.06,20000
20090828,GOOG,469.02,472.37,463.38,464.75,17718
20090831,GOOG,459.56,461.86,458,461.67,19579
20090901,GOOG,459.95,466.82,454.42,455.761,25950
20090902,GOOG,454.5,458.33,452.59,453.01,18065
20090903,GOOG,456.32,458.25,455,457.52,16463
20090904,GOOG,458.07,462.6,455.78,461.3,14998
20090909,GOOG,459.34,466.27,458.8,463.97,21954
20090910,GOOG,466.01,470.94,462,470.94,25353
20090911,GOOG,470.71,473.3,467.63,472.14,19028
20090914,GOOG,470.25,476.8,470.05,475.12,19776
20090915,GOOG,475.12,478.91,472.71,477.54,23986
20090916,GOOG,479.92,489.37,478.48,488.29,25873
20090917,GOOG,490.66,497.37,487.15,491.72,44834
20090918,GOOG,496.86,496.98,491.23,491.46,32842
20090921,GOOG,486.22,498.9,486.22,497,21175
20090922,GOOG,500.35,501.99,497.81,499.06,30418
20090923,GOOG,500.92,507,497.71,498.46,27046
20090924,GOOG,500.53,501.41,493,496.77,25286
20090925,GOOG,495.48,499.93,492,492.48,20520
20090928,GOOG,495,501.5,493.295,498.53,18431
20090929,GOOG,499.15,499.75,493.01,498.53,20993
20090930,GOOG,499.76,500.14,487.24,495.85,31417
20091001,GOOG,493.99,496.47,487,487.2,28162
20091002,GOOG,483.79,491.74,482.6,484.58,26008
20091005,GOOG,487.67,492.43,483.34,488.52,21264
20091006,GOOG,492.37,499.37,491.7001,498.74,27329
20091007,GOOG,498.97,518.99,497.81,517.54,48776
20091008,GOOG,519.58,523.25,513.34,514.18,43065
20091009,GOOG,516.435,521.51,514.5,516.25,27398
20091012,GOOG,523,525.76,519.3201,524.04,33243
20091013,GOOG,525.02,527.46,521.38,526.11,30422
20091014,GOOG,532.26,535.58,530,535.32,32650
20091015,GOOG,533.74,536.9,527.27,529.91,61003
20091016,GOOG,547.16,554.75,544.53,549.85,88457
20091019,GOOG,553.09,553.6,548.73,552.09,32201
20091020,GOOG,551.64,552.95,540.7,551.72,40444
20091021,GOOG,550.48,559.35,549,551.1,36731
20091022,GOOG,550.69,555,548,554.09,23370
20091023,GOOG,554.99,557.89,551.2,553.69,23931
20091026,GOOG,556.55,561.64,550.89,554.21,29737
20091027,GOOG,552.56,554.56,544.16,548.29,32180
20091028,GOOG,546.51,550,538.25,540.3,25686
20091105,GOOG,543.94,549.77,542.664,548.65,18480
20091106,GOOG,547.72,551.78,545.5,551.1,18267
20091109,GOOG,554.99,562.58,554.23,562.51,26514
20091110,GOOG,563.39,568.78,562,566.76,22314
20091111,GOOG,570.5,573.5,565.86,570.56,23218
20091113,GOOG,569.4,572.51,566.61,572.05,16680
20091116,GOOG,573.58,576.99,572.78,576.28,21991
20091117,GOOG,574.06,577.5,573.72,577.49,19207
20091118,GOOG,577.49,578.78,572.07,576.65,15501
20091119,GOOG,573.89,574,570,572.99,21683
20091120,GOOG,569.99,571.6,569.4,569.964,20062
20091123,GOOG,576.41,586.6,575.86,582.35,25485
20091124,GOOG,582.5,584.29,576.54,583.09,16086
20091125,GOOG,586.44,587.0599,582.69,585.74,14614
20091127,GOOG,571.58,582.46,570.97,579.76,13845
20091130,GOOG,579.97,583.67,577.11,583,17252
20091201,GOOG,588.19,591.22,583,589.87,23212
20091202,GOOG,590.98,593.01,586.22,587.51,16652
20091203,GOOG,588.89,591.45,585,585.74,14293
20091204,GOOG,593.04,594.832,579.18,585.01,25140
20091207,GOOG,584.14,588.69,581,586.25,16365
20091208,GOOG,583.36,590.66,582,587.05,15255
20091209,GOOG,586.93,589.33,583.58,589.02,17812
20091210,GOOG,590.71,594.71,590.41,591.5,16695
20091211,GOOG,594.59,594.75,587.73,590.51,17233
20091214,GOOG,595.24,597.31,592.6101,595.73,19135
20091215,GOOG,594,596.38,590.99,593.14,22803
20091216,GOOG,598.91,600.37,596.64,597.76,28097
20091217,GOOG,596.46,597.64,593.76,593.94,26407
20091218,GOOG,595.54,598.93,595,596.42,35325
20091221,GOOG,597.6,599.84,595.67,598.68,25719
20091222,GOOG,600.23,601.5,598.85,601.12,18842
20091223,GOOG,603.76,612.8698,602.85,611.68,20753
20091224,GOOG,612.95,619.52,612.2705,618.48,8586
20091228,GOOG,621.77,625.99,618.48,622.87,16980
20091229,GOOG,624.51,624.8425,618.29,619.4,14277
20091230,GOOG,618.07,622.73,618.01,622.73,14663
20091231,GOOG,624.86,625.4,619.98,619.98,12202
20100104,GOOG,627.46,629.51,624.24,626.75,19579
20100105,GOOG,627.84,627.84,621.54,623.99,30078
20100106,GOOG,625.08,625.86,606.36,608.26,39806
20100107,GOOG,609.27,610,592.65,594.1,64180
20100108,GOOG,592.36,603.25,589.11,602.02,47247
20100111,GOOG,603.9,604.46,594.04,601.11,72168
20100112,GOOG,598.08,598.16,588,590.48,48532
20100113,GOOG,576.51,588.38,573.9,587.09,64990
20100114,GOOG,583.75,594.2,582.81,589.85,42415
20100115,GOOG,593.43,593.56,578.04,580,54376
20100119,GOOG,581,590.42,576.29,587.62,43171
20100120,GOOG,585.12,585.98,575.29,580.41,32534
20100121,GOOG,583.21,586.8185,572.251,582.98,63076
20100122,GOOG,564.68,570.6,534.86,550.01,68076
20100125,GOOG,546.53,549.8775,535.51,540,44210
20100126,GOOG,537.62,549.6,536.29,542.42,43567
20100127,GOOG,540.22,547.65,535.31,542.1,39654
20100128,GOOG,544.55,546.9999,530.6,534.29,32310
20100129,GOOG,538.5,540.99,525.61,529.944,41411
20100201,GOOG,533.15,535.81,530.3,533.02,22530
20100202,GOOG,534.11,534.96,527.61,531.12,40963
20100203,GOOG,528.69,542.1,528.23,540.82,29998
20100204,GOOG,536.61,538,525.56,526.778,33827
20100205,GOOG,527.5,533.4985,522.46,531.29,31570
20100208,GOOG,532.385,542,531.5301,533.47,26954
20100209,GOOG,539.11,541.53,535.07,536.44,28286
20100210,GOOG,534.4,537.79,527.69,534.445,26757
20100211,GOOG,532.25,540.49,529.5,536.4,24110
20100212,GOOG,533,537.15,530.5,533.12,22803
20100216,GOOG,537.14,544.13,534.3,541.3,36470
20100217,GOOG,542.44,543.4,537.61,538.207,20306
20100218,GOOG,537.33,545.01,536.14,543.22,23392
20100219,GOOG,540.48,544.03,539.7,540.763,25553
20100222,GOOG,547.12,547.5,541,542.8,21447
20100223,GOOG,543.55,543.63,532.29,535.07,28747
20100224,GOOG,534.39,538.44,530.51,531.47,23269
20100225,GOOG,526.93,528.4899,520,526.43,33093
20100226,GOOG,527.05,531.75,523.48,526.8,20493
20100301,GOOG,530.07,533.29,527.74,532.69,22383
20100302,GOOG,535.02,545.66,535.01,541.06,43574
20100303,GOOG,542.25,548.12,539.25,545.32,30901
20100304,GOOG,546.2,556.13,546.2,554.59,31840
20100305,GOOG,561,567.67,559.9,564.21,39133
20100308,GOOG,564.78,565.18,561.01,562.48,23865
20100309,GOOG,559.46,564.66,556.5,560.19,31775
20100310,GOOG,563.75,578.5,562.21,576.45,56590
20100311,GOOG,574.92,586.21,574.2,581.14,42352
20100312,GOOG,587.57,588.275,579.16,579.54,27562
20100315,GOOG,566.33,569.45,556,563.18,46565
20100316,GOOG,561.56,568.42,560.76,565.2,34328
20100317,GOOG,567.86,571.4499,564.2501,565.56,33224
20100318,GOOG,564.98,568.44,562.96,566.4,17771
20100319,GOOG,566.81,568,557.28,560,47941
20100322,GOOG,555.77,566.85,554.28,557.5,40054
20100323,GOOG,556.45,558.312,542,549,55012
20100324,GOOG,545.55,559.8495,539.7,557.33,65693
20100325,GOOG,559.37,572,558.66,562.88,39316
20100326,GOOG,565.33,567.39,560.0201,562.69,26964
20100329,GOOG,563.05,564.72,560.57,562.45,31051
20100330,GOOG,562.96,567.63,560.28,566.71,19875
20100331,GOOG,565.13,569.74,562.81,567.12,30308
20100401,GOOG,571.02,573.45,565.55,568.8,21026
20100405,GOOG,571.26,574.88,569,571.01,19020
20100406,GOOG,568.24,570.89,565.4,568.22,20600
20100407,GOOG,566.69,568.75,561.86,563.54,25810
20100408,GOOG,563,569.8515,560.05,567.49,19517
20100409,GOOG,566.87,568.77,564,566.22,20568
20100412,GOOG,567.33,574,566.22,572.73,23535
20100413,GOOG,571.22,588.88,571.13,586.77,39122
20100414,GOOG,592,592.34,584.01,589,34038
20100415,GOOG,592.12,597.84,588.287,595.3,67617
20100416,GOOG,563,568.81,549.63,550.145,122394
20100419,GOOG,549.1,553.99,545,550.1,38957
20100420,GOOG,554.89,559.6565,551.06,555.04,29793
20100421,GOOG,556.74,560.25,552.16,554.3,23927
20100422,GOOG,551.15,552.5,543.35,547.06,32836
20100423,GOOG,547.98,549.32,542.27,544.99,20898
20100426,GOOG,544.55,544.99,529.21,531.64,43736
20100427,GOOG,528.94,538.33,527.235,529.06,38447
20100428,GOOG,532,534.83,521.03,529.19,34091
20100429,GOOG,533.34,536.5,526.67,532,30588
20100430,GOOG,531.28,537.68,525.44,525.695,24402
20100503,GOOG,526.7,532.92,525.08,530.6,18603
20100504,GOOG,526.41,526.74,504.21,506.37,60785
20100505,GOOG,500.55,515.72,500.4701,509.76,45821
20100506,GOOG,508.68,517.52,460,498.67,50000
20100507,GOOG,500,505.32,481.33,493.14,50937
20100510,GOOG,513.31,522.82,512.6,521.65,41279
20100511,GOOG,515.01,519.88,508.22,509.05,33243
20100512,GOOG,511.3,512.04,502,505.39,38521
20100513,GOOG,516,522,510.37,510.88,33281
20100514,GOOG,508.89,510.99,496.25,507.53,41239
20100517,GOOG,505.66,508.3608,498.35,507.97,27965
20100518,GOOG,510.16,510.97,497.07,498.37,28302
20100519,GOOG,497.23,499.44,487.74,494.43,34463
20100520,GOOG,485.07,485.58,473.8015,475.01,49179
20100521,GOOG,469.06,485,464.4,472.05,96935
20100524,GOOG,481,489.79,476.8,477.16,43423
20100525,GOOG,467.56,477.45,464.01,477.07,30219
20100526,GOOG,482.07,489.76,475,475.47,34840
20100527,GOOG,484.86,492.31,481.05,490.46,28100
20100528,GOOG,492.91,493.45,483,485.63,28947
20100601,GOOG,480.43,491.06,480.12,482.37,26669
20100602,GOOG,486.41,493.8699,481.46,493.37,25407
20100603,GOOG,495.5,508,494.7,505.6,36518
20100604,GOOG,499.24,509.25,496.7,498.72,39239
20100607,GOOG,499,500.9099,483.15,485.52,36370
20100608,GOOG,487.09,488.84,477.54,484.78,26850
20100609,GOOG,487.28,488.88,472,474.02,27327
20100610,GOOG,480.45,488.5,475.84,487.01,25859
20100611,GOOG,482.5,488.71,481.62,488.5,17843
20100614,GOOG,493.75,494.5,483.19,483.19,20409
20100615,GOOG,483.08,500.4,482.18,497.99,42615
20100616,GOOG,496.85,504,496.11,501.27,22919
20100617,GOOG,503.44,505.87,496.69,500.08,19778
20100618,GOOG,502.68,503.47,498.13,500.03,28787
20100621,GOOG,499.82,500.967,484.89,488.56,29893
20100622,GOOG,489.71,496.6,485.73,486.25,22199
20100623,GOOG,485.67,486.89,478.16,482.05,20296
20100624,GOOG,479.18,482.75,473.261,475.1,18937
20100625,GOOG,477.11,477.646,470.56,472.68,22452
20100628,GOOG,472.55,477.55,469.01,472.08,17625
20100629,GOOG,463.45,464.55,451.12,454.26,35021
20100630,GOOG,453.2,457.83,444.72,444.95,36036
20100701,GOOG,445.22,448.4,433.63,439.49,35138
20100702,GOOG,441.62,442.2842,436,436.55,19362
20100706,GOOG,444.04,447.6699,433.63,436.07,25614
20100707,GOOG,438.34,451.29,435.38,450.2,31319
20100708,GOOG,452.73,457.33,449.66,456.56,26704
20100709,GOOG,472,473.26,462.78,467.49,43327
20100712,GOOG,472.38,479.44,471.08,475.83,33344
20100713,GOOG,482.19,492.99,480.28,489.2,39762
20100714,GOOG,489.88,493.83,486.46,491.336,31185
20100715,GOOG,491.73,494.7,482.68,494.02,48587
20100716,GOOG,469.06,470.56,459.52,459.605,78247
20100719,GOOG,461,469.65,457.52,466.18,45494
20100720,GOOG,461.08,482.99,460.6,481.59,40568
20100721,GOOG,483.6,485.7,475.4301,477.5,32853
20100722,GOOG,482.88,488.98,482.48,484.81,21484
20100723,GOOG,480.78,490.59,480.01,490.06,22671
20100726,GOOG,489.1,490.749,484.88,488.97,19966
20100727,GOOG,490.17,497.5,490.17,492.63,24519
20100728,GOOG,495.05,495.25,482.67,484.35,25024
20100729,GOOG,485.95,488.88,479.33,484.99,26754
20100730,GOOG,479.34,487.36,479.14,484.85,21444
20100802,GOOG,488.98,493.28,486.94,490.41,18674
20100804,GOOG,492.3,507,491.05,506.32,38141
20100805,GOOG,505.85,508.6,503.559,508.1,24264
20100806,GOOG,505.12,505.74,496.05,500.22,33216
20100809,GOOG,502.25,505.5,501.3632,505.35,18732
20100810,GOOG,501.71,506,498.57,503.71,20755
20100811,GOOG,497.72,498,491.5,491.74,22260
20100812,GOOG,483.94,494.75,482.51,492.01,22050
20100813,GOOG,488.94,491.19,486.01,486.35,19400
20100816,GOOG,483.68,489.87,480.5019,485.59,13066
20100817,GOOG,488.37,494.7,486.03,490.52,18906
20100819,GOOG,481.41,482.51,467.25,467.97,39255
20100820,GOOG,467.26,471.59,461.0201,462.02,39233
20090821,AMZN,84.88,85.06,83.54,85,61312
20090824,AMZN,85.25,85.59,84.24,84.5,47233
20090825,AMZN,84.68,86.34,83.95,84.19,47945
20090826,AMZN,84.02,84.76,83.38,84,36137
20090827,AMZN,84.02,84.85,83.14,84.31,39985
20090828,AMZN,84.7,84.99,82.57,82.76,46207
20090831,AMZN,81.81,81.95,80.35,81.19,52637
20090901,AMZN,80.77,82.42,79,79.16,62464
20090902,AMZN,79.01,80.15,77.8,78.14,65215
20090903,AMZN,78.52,78.96,77.51,78.46,41404
20090904,AMZN,78.25,79.78,77.63,78.87,46727
20090909,AMZN,80.59,82.63,80.5,82.24,67762
20090910,AMZN,82.33,84.07,82.3,83.85,70248
20090911,AMZN,84.55,84.9,83.76,84.54,60087
20090914,AMZN,83.82,84.57,83.46,83.86,35721
20090915,AMZN,84.01,84.41,82.79,83.55,44533
20090916,AMZN,85.97,90.98,85.9,90.7,131142
20090917,AMZN,90.81,91.19,89,90.44,78739
20090918,AMZN,90.74,91,89.47,90.28,67705
20090921,AMZN,89.73,90.76,88.48,90.56,42118
20090922,AMZN,91.66,94.19,91.1,93.75,82685
20090923,AMZN,92.91,94.5,92.22,92.38,56857
20090924,AMZN,91.62,92.71,90.77,92.11,50786
20090925,AMZN,91.41,92.25,89.75,90.52,42574
20090928,AMZN,90.92,92.81,90.6,92.21,35088
20090929,AMZN,91.97,92.33,90.1,91.72,43951
20090930,AMZN,92.22,94.17,91.43,93.36,85391
20091001,AMZN,92.75,92.9,90.37,91.04,66451
20091002,AMZN,90.05,91.14,89.58,89.85,50407
20091005,AMZN,90.09,90.93,88.27,88.67,70093
20091006,AMZN,89.33,91.08,88.4,90.91,69641
20091007,AMZN,91.5,94.48,91.15,93.97,74465
20091008,AMZN,94.87,96.72,94.23,95.22,96794
20091009,AMZN,95.01,95.95,94.26,95.71,46960
20091012,AMZN,96.09,96.25,93.07,93.6,55928
20091013,AMZN,93.73,95.25,93.6801,94.83,47218
20091014,AMZN,96.23,97.82,96.02,97.46,55567
20091015,AMZN,95.12,97.06,95.08,96.01,62474
20091016,AMZN,95.25,96.12,93.61,95.32,70401
20091019,AMZN,95.24,96.278,94.25,94.68,60190
20091020,AMZN,96,96.1,94.27,94.98,77794
20091021,AMZN,95.14,96.63,92.9106,93.42,77611
20091022,AMZN,93.6,94.1,91.7,93.45,165184
20091023,AMZN,110.88,119.65,110.62,118.49,583057
20091026,AMZN,119.23,125.68,118.49,124.6399,322711
20091027,AMZN,122.82,124.26,119.42,122.07,203041
20091028,AMZN,121.64,125.12,120.76,121.64,168876
20091105,AMZN,117.5,120.95,116.25,120.61,90911
20091106,AMZN,123,126.98,122.67,126.2,132299
20091109,AMZN,127.21,128.32,125.591,126.67,86335
20091110,AMZN,126.92,130.61,126,130.15,105325
20091111,AMZN,131.22,131.31,128.33,129.91,74356
20091113,AMZN,131.15,132.99,129.75,132.97,73832
20091116,AMZN,131.92,134.56,130.98,131.59,90182
20091117,AMZN,131.31,131.85,129.32,131.25,77508
20091118,AMZN,130.84,131.41,129.53,131.29,52175
20091119,AMZN,130.41,130.54,128.48,128.99,60005
20091120,AMZN,127.51,129.99,127.41,129.66,66555
20091123,AMZN,131.21,133,131,133,68780
20091124,AMZN,133.64,134.33,132.22,132.94,73196
20091125,AMZN,133.45,134.2,132.4,134.03,50764
20091127,AMZN,130,133,129.88,131.74,44225
20091130,AMZN,132.2,136.08,132.16,135.91,101271
20091201,AMZN,137.1,139.35,135.75,138.5,96575
20091202,AMZN,139.18,142.67,138.96,142.25,117979
20091203,AMZN,143.7,145.91,140.77,141.17,165234
20091204,AMZN,143.34,143.45,135.11,137.58,148308
20091207,AMZN,138,139,133.84,134.21,78420
20091208,AMZN,134.11,136.08,132.87,134.11,80068
20091209,AMZN,134.6,134.71,129.82,131.31,126328
20091210,AMZN,132.51,136.19,132.4,135.38,113495
20091211,AMZN,136.12,136.29,133.2,134.15,80513
20091214,AMZN,132.43,132.61,129.35,131.38,100228
20091215,AMZN,130.51,132.46,129.5912,130.23,74341
20091216,AMZN,130.71,131.45,127.65,128.36,102612
20091217,AMZN,129.35,130.08,126.9,126.91,84829
20091218,AMZN,128,128.79,125.6474,128.48,96053
20091221,AMZN,130.45,133.2,130.19,132.79,94802
20091222,AMZN,134.03,135.99,132.65,133.75,82574
20091223,AMZN,134.8,139.05,134.35,138.94,95506
20091224,AMZN,139.19,139.7,137.54,138.47,51287
20091228,AMZN,139.9,141.98,138.53,139.31,87696
20091229,AMZN,141.44,142.58,138.55,139.41,84058
20091230,AMZN,138.04,138.4,135.28,136.49,69174
20091231,AMZN,137.08,137.28,134.52,134.52,45241
20100104,AMZN,136.28,136.61,133.14,133.9,76005
20100105,AMZN,133.25,135.479,131.81,134.69,88564
20100106,AMZN,134.63,134.73,131.65,132.25,71809
20100107,AMZN,131.96,132.32,128.8,130,110301
20100108,AMZN,130.7,133.68,129.03,133.52,98338
20100111,AMZN,132.73,132.8,129.21,130.308,87866
20100112,AMZN,129.06,129.82,126.55,127.35,90981
20100113,AMZN,128.07,129.71,125.75,129.11,107278
20100114,AMZN,129.18,130.38,126.4,127.35,97884
20100115,AMZN,129.35,129.65,127.06,127.14,153827
20100119,AMZN,126.2,128,124.33,127.61,89001
20100120,AMZN,127.18,129.2,125.08,125.78,90815
20100121,AMZN,127.27,128.15,125,126.62,99761
20100122,AMZN,125.6,127.67,120.76,121.43,115778
20100125,AMZN,122.03,122.28,118.12,120.31,120310
20100126,AMZN,120.05,122.98,119.061,119.48,95676
20100127,AMZN,120.99,123.33,118.8,122.75,147652
20100128,AMZN,124.46,127.2,122.8,126.03,272930
20100129,AMZN,129.74,131.8499,124.14,125.41,294789
20100201,AMZN,123.22,124.86,113.82,118.87,377743
20100202,AMZN,118.86,118.98,114.4,118.12,230849
20100203,AMZN,117.09,119.61,116.56,119.1,124090
20100204,AMZN,118.61,120.33,115.74,115.94,127839
20100205,AMZN,115.85,117.65,114.1,117.39,110270
20100208,AMZN,119.375,121,116.56,116.83,98963
20100209,AMZN,118.29,119.09,117,118.03,92271
20100210,AMZN,117.88,118.61,116,117.36,62362
20100211,AMZN,117.22,120.4201,116.5,120.09,83444
20100212,AMZN,118.99,119.94,117.5,119.66,80755
20100216,AMZN,120.06,120.5,117.18,117.53,88742
20100217,AMZN,117,117.13,115.55,116.31,89474
20100218,AMZN,115.95,118.51,114.82,118.08,98074
20100219,AMZN,117.83,119.09,117,117.52,71174
20100222,AMZN,117.33,118.97,116.18,118.01,68093
20100223,AMZN,118.01,119.25,116.51,117.24,70690
20100224,AMZN,117.77,119.8,117.15,119.72,73930
20100225,AMZN,118.29,118.34,115.85,118.2,95358
20100226,AMZN,117.89,119.43,117,118.4,57218
20100301,AMZN,118.85,124.66,117.53,124.54,133005
20100302,AMZN,125,127.35,124.8,125.53,120982
20100303,AMZN,125.4,126.94,124.43,125.89,64430
20100304,AMZN,125.89,128.85,125.57,128.53,75096
20100305,AMZN,128.74,129.45,127.07,128.91,67711
20100308,AMZN,128.3,130.85,127.71,130.11,56073
20100309,AMZN,129.59,130.81,127.97,128.82,60710
20100310,AMZN,128.68,131.17,128.48,130.51,56274
20100311,AMZN,130.36,133.62,130.36,133.58,72446
20100312,AMZN,134.04,134.2,131.18,131.82,61519
20100315,AMZN,131.72,132,128.63,131.13,63293
20100316,AMZN,131.4,132.29,130.5,131.79,41364
20100317,AMZN,132.45,132.694,131.22,131.34,43589
20100318,AMZN,130.97,132.85,130.44,132.76,50241
20100319,AMZN,133.64,133.71,129.66,130.35,89062
20100322,AMZN,130.2,130.96,128.64,130.47,53833
20100323,AMZN,130.68,130.94,128.07,129.26,42136
20100324,AMZN,128.65,129.4,127.2,128.04,47032
20100325,AMZN,129.23,136.91,128.04,134.73,162126
20100326,AMZN,134.86,136.99,133.76,135.06,65754
20100329,AMZN,135.5,136.63,134.33,135.12,46276
20100330,AMZN,135.6,138.19,135.36,136.579,62022
20100331,AMZN,135.66,136.8,134.48,135.77,46021
20100401,AMZN,136.32,136.51,131.18,131.81,87876
20100405,AMZN,132.8,133.74,130.78,131.49,58174
20100406,AMZN,131.18,136,131.18,135.56,79504
20100407,AMZN,135.94,136.08,133.86,134.87,59472
20100408,AMZN,135,141.25,134.71,140.96,126943
20100409,AMZN,140.68,141.33,139.07,140.06,60145
20100412,AMZN,139.92,142.915,139.68,141.2,54464
20100413,AMZN,141.23,141.98,139.12,140.16,47870
20100414,AMZN,140.31,144.5,139.2,144.28,79002
20100415,AMZN,144.3,147.09,144,145.82,78317
20100416,AMZN,144.95,147.17,141.45,142.171,84010
20100419,AMZN,142.37,143.67,139.13,142.43,60231
20100420,AMZN,143.71,144.64,142.1,144.2,43145
20100421,AMZN,145,149,143.5219,146.43,73743
20100422,AMZN,147.17,151.09,145.88,150.09,151657
20100423,AMZN,145.2,149.09,142.42,143.63,189810
20100426,AMZN,143.21,147.73,142.9,147.11,93199
20100427,AMZN,145.34,146.44,141.11,142.02,86412
20100428,AMZN,142.56,142.75,138.69,139.35,92363
20100429,AMZN,140.05,142.45,139.79,141.73,63148
20100430,AMZN,141.4,141.4,136.91,137.1,61134
20100503,AMZN,137.42,139.44,136.11,137.49,56628
20100504,AMZN,135.58,135.81,128.38,129.83,126702
20100505,AMZN,128,131.61,127.55,130.93,94621
20100506,AMZN,129.95,132.33,120.6,128.71,101955
20100507,AMZN,127.97,131.18,123.76,124.98,119360
20100510,AMZN,129.94,132.21,129.26,131.29,68068
20100511,AMZN,130.26,133.08,128.47,130.46,60476
20100512,AMZN,131,134.13,129.68,133.87,59053
20100513,AMZN,133.68,136.99,131,131.47,59409
20100514,AMZN,130.2,131,126.76,128.533,52778
20100517,AMZN,127.85,129.95,125.8,128.91,56427
20100518,AMZN,130.11,131.25,125.51,126.28,52587
20100519,AMZN,125.5,127.93,123.8,124.59,64645
20100520,AMZN,122.3,125,118.78,119.71,85943
20100521,AMZN,117.72,124.97,117.52,122.72,79683
20100524,AMZN,122.34,124.5,120.65,122.12,45349
20100525,AMZN,118.62,125.19,118.5,124.86,71216
20100526,AMZN,125.09,125.79,122.3,123.21,69687
20100527,AMZN,124.98,126.85,120.6,126.7,47485
20100528,AMZN,125.95,127.6,124.01,125.46,39558
20100601,AMZN,124.53,126.572,123.02,123.24,36594
20100602,AMZN,123.9,126.43,121.65,126.31,47646
20100603,AMZN,126.17,129.15,124.85,128.76,52773
20100604,AMZN,126.85,128.2,122.18,122.77,54976
20100607,AMZN,125.8,126.606,121.6744,122.01,65745
20100608,AMZN,121.86,122,115.8,118.835,115177
20100609,AMZN,120.3,121.47,117.36,117.91,73717
20100610,AMZN,119.56,123.5,119.2,123.21,60617
20100611,AMZN,121.4,123.53,120.29,123.03,42058
20100614,AMZN,124.49,125.7,123.5,123.83,39229
20100615,AMZN,123.2,126.92,122.5,126.84,45415
20100616,AMZN,125.59,127.98,125.365,126.9,39644
20100617,AMZN,126.91,127.8,124.69,125.89,34800
20100618,AMZN,126.02,127.48,125.07,125.83,38406
20100621,AMZN,126.79,127.48,121.41,122.55,53276
20100622,AMZN,122.64,125.23,121.55,122.307,62073
20100623,AMZN,122.15,123.22,120.04,121.45,54551
20100624,AMZN,120.78,120.85,116.8,118.33,77719
20100625,AMZN,118.08,121.76,117.626,121,57702
20100628,AMZN,118.77,120.04,117.1,117.8,56125
20100629,AMZN,116.09,116.48,106.01,108.61,128662
20100630,AMZN,108.57,112.68,108.11,109.26,97409
20100701,AMZN,108.86,111.69,106.7,110.96,85303
20100702,AMZN,110.76,111.29,108.56,109.14,44773
20100706,AMZN,111.25,112.53,109,110.06,52194
20100707,AMZN,109.98,113.63,109.81,113.43,49449
20100708,AMZN,115.21,117.48,114.07,116.22,67764
20100709,AMZN,116.5,117.4,114.65,117.26,40650
20100712,AMZN,118.01,119.7,117.32,119.51,47837
20100713,AMZN,121,124.88,120.3,123.65,70910
20100714,AMZN,123.04,123.75,121.4749,123.3,52575
20100715,AMZN,120.31,122.48,119.26,122.06,60511
20100716,AMZN,121.255,121.92,118.01,118.49,62278
20100719,AMZN,118.34,120.74,117,119.94,50308
20100720,AMZN,120.63,120.71,117.51,120.1,67857
20100721,AMZN,120.63,121.25,117.26,117.43,50116
20100722,AMZN,118.71,120.87,118.02,120.07,150033
20100723,AMZN,105.93,119.28,105.8,118.87,424210
20100726,AMZN,118.28,118.6,114.88,118.4,111377
20100727,AMZN,118.43,118.5,115.0658,117.13,77960
20100728,AMZN,116.8,118.2,116.4,117.13,54722
20100729,AMZN,118,118.87,115.52,116.86,61848
20100730,AMZN,115.5,118.74,114.51,117.89,70831
20100803,AMZN,120.02,122.87,119.68,122.42,59629
20100804,AMZN,123.08,128.47,123,127.58,92750
20100805,AMZN,126.8,128,125.82,127.83,42822
20100806,AMZN,126.59,128.4,125.9,128.32,50659
20100809,AMZN,128.46,129.93,127.8501,128.83,50870
20100810,AMZN,127.95,130,127.38,130,57068
20100811,AMZN,128.1,128.12,125.2,125.89,55423
20100812,AMZN,123.75,127,123.55,126.56,43684
20100813,AMZN,126.07,127.48,124.26,124.69,39835
20100816,AMZN,123.68,127.37,123.04,126.07,40276
20100819,AMZN,129.19,130.02,126.82,127.57,55824
20100820,AMZN,127.09,128.04,126.02,127.76,41725
20090821,AAPL,167.81,169.37,166.8,169.22,148597
20090824,AAPL,170,170.71,168.27,169.06,145331
20090825,AAPL,169.43,170.94,169.13,169.4,115840
20090826,AAPL,168.94,169.55,166.76,167.41,108570
20090827,AAPL,168.59,169.57,164.83,169.45,160421
20090828,AAPL,172.06,172.49,168.53,170.05,162092
20090831,AAPL,168.09,168.85,166.5,168.21,111264
20090901,AAPL,168.02,170,164.94,165.298,167509
20090902,AAPL,164.5,167.61,164.11,165.18,130143
20090903,AAPL,166.52,167.1,165,166.55,105036
20090904,AAPL,167.2,170.7,167.09,170.31,133795
20090909,AAPL,172.72,174.47,169.7,171.14,289746
20090910,AAPL,172.03,173.25,170.81,172.56,175404
20090911,AAPL,172.96,173.18,170.87,172.16,124628
20090914,AAPL,170.85,173.9,170.25,173.72,115003
20090915,AAPL,174.04,175.65,173.59,175.16,152310
20090916,AAPL,178,182.75,177.88,181.87,269293
20090917,AAPL,181.99,186.79,181.97,184.55,289489
20090918,AAPL,185.9,186.55,184.76,185.02,214909
20090921,AAPL,184.44,185.16,181.62,184.02,156327
20090922,AAPL,185.1,185.38,182.85,184.48,127487
20090923,AAPL,185.35,188.9,185.03,185.5,212157
20090924,AAPL,187.28,187.7,182.77,183.82,196742
20090925,AAPL,182.13,185.5,181.44,182.37,159102
20090928,AAPL,183.83,186.68,183.33,186.1519,120588
20090929,AAPL,186.66,187.4,184.31,185.38,123351
20090930,AAPL,186.04,186.45,182.6127,185.35,192708
20091001,AAPL,185.49,186.22,180.7,180.8599,187396
20091002,AAPL,181.38,185.94,181.35,184.9,197655
20091005,AAPL,186.2,186.86,184.2701,186.024,150152
20091006,AAPL,187.73,190.01,187.3,190.01,216101
20091007,AAPL,189.82,190.55,189.032,190.25,166309
20091008,AAPL,190.8,191.45,188.89,189.27,156503
20091009,AAPL,188.9,190.7,188.62,190.47,104783
20091012,AAPL,190.97,191.51,189.64,190.81,102911
20091013,AAPL,190.58,191.17,189.7,190.02,124292
20091014,AAPL,192.2,192.32,190.23,191.29,134203
20091015,AAPL,189.6,190.92,189.53,190.56,133412
20091016,AAPL,189.25,190.36,187.84,188.05,154080
20091019,AAPL,187.84,190,185.55,189.86,336510
20091020,AAPL,200.47,201.75,197.85,198.76,407514
20091021,AAPL,199.62,208.7099,199.23,204.92,426330
20091022,AAPL,204.52,207.85,202.51,205.2,282639
20091023,AAPL,205.74,205.8,203.23,203.94,150280
20091026,AAPL,203.71,206.75,200.1,202.48,172977
20091027,AAPL,201.64,202.81,196.45,197.37,270196
20091028,AAPL,197.36,198.02,191.1,192.4,292280
20091105,AAPL,192.7,195,191.82,194.0301,137472
20091106,AAPL,193,195.19,192.4,194.34,105439
20091109,AAPL,196.95,201.9,196.26,201.46,188876
20091110,AAPL,201.07,204.98,201.01,202.98,143283
20091111,AAPL,204.63,205,201.83,203.25,158599
20091113,AAPL,202.97,204.83,202.07,204.45,122618
20091116,AAPL,205.44,208,205.01,206.63,173287
20091117,AAPL,206.07,207.44,205,207,141611
20091118,AAPL,206.26,207,204,205.96,133685
20091119,AAPL,204.51,204.61,199.8,200.51,193687
20091120,AAPL,198.33,200.39,197.76,199.92,145317
20091123,AAPL,203.12,206,202.95,205.88,169705
20091124,AAPL,205.21,205.88,202.9,204.44,113727
20091125,AAPL,205.5,205.65,203.76,204.19,102374
20091127,AAPL,199.1,202.96,198.37,200.59,105448
20091130,AAPL,200.91,201.68,198.77,199.91,151734
20091201,AAPL,202.25,202.77,196.83,196.97,166343
20091202,AAPL,199.05,201.42,195.75,196.23,255449
20091203,AAPL,197.87,198.98,196.27,196.48,160256
20091204,AAPL,199.7,199.88,190.28,193.32,295395
20091207,AAPL,193.32,193.77,188.68,188.95,255270
20091208,AAPL,189.04,192.35,188.7,189.87,246570
20091209,AAPL,191.25,198.16,190.31,197.8,244564
20091210,AAPL,199.69,199.7,196.12,196.43,174881
20091211,AAPL,197.75,198,193.43,194.67,153490
20091214,AAPL,195.47,197.43,192.56,196.98,177067
20091215,AAPL,195.76,197.51,193.27,194.17,149897
20091216,AAPL,195,196.5,194.55,195.03,126113
20091217,AAPL,194.87,195,191,191.86,138870
20091218,AAPL,193.1,195.503,192.6,195.43,217417
20091221,AAPL,196,199.75,195.67,198.23,218704
20091222,AAPL,199.79,200.85,198.66,200.36,124826
20091223,AAPL,201.19,202.38,200.81,202.1,123401
20091224,AAPL,203.43,209.35,203.35,209.04,178888
20091228,AAPL,211.15,213.95,209.611,211.61,230201
20091229,AAPL,212.65,212.72,208.73,209.1,159001
20091230,AAPL,208.75,212,208.31,211.64,147172
20091231,AAPL,213.11,213.35,210.56,210.732,125860
20100104,AAPL,213.5,214.5,212.38,214.01,176331
20100105,AAPL,214.79,215.59,213.25,214.38,214965
20100106,AAPL,214.38,215.23,210.75,210.97,197199
20100107,AAPL,211.68,212,209.05,210.58,170403
20100108,AAPL,210.4,212,209.06,211.98,159955
20100111,AAPL,212.97,213,208.45,210.11,165081
20100112,AAPL,209.32,209.77,206.42,207.72,212306
20100113,AAPL,208.12,210.93,204.1,210.65,216389
20100114,AAPL,210.04,210.46,209.02,209.43,154697
20100115,AAPL,211.4,211.6,205.87,205.93,212262
20100119,AAPL,208.39,215.19,207.24,215.04,260716
20100120,AAPL,214.91,215.55,209.5,211.725,218625
20100121,AAPL,212.29,213.3138,207.21,208.072,217197
20100122,AAPL,206.78,207.5,197.16,197.75,314916
20100125,AAPL,202.83,204.7,200.19,203.075,380606
20100126,AAPL,205.86,213.71,202.58,205.94,666824
20100127,AAPL,206.81,210.58,199.531,207.884,615202
20100128,AAPL,205.32,205.5,198.7,199.29,419107
20100129,AAPL,201.33,202.2,190.25,192.063,444982
20100201,AAPL,192.58,196,191.3,194.73,267812
20100202,AAPL,195.93,196.32,193.38,195.86,249407
20100203,AAPL,195.26,200.2,194.42,199.23,219759
20100204,AAPL,196.85,198.37,191.57,192.05,270589
20100205,AAPL,192.7,196,190.85,195.46,303680
20100208,AAPL,195.68,197.88,194,194.12,170810
20100209,AAPL,196.46,197.5,194.75,196.19,226030
20100210,AAPL,195.82,196.6,194.26,195.116,132271
20100211,AAPL,194.79,199.75,194.06,198.67,196551
20100212,AAPL,198.17,201.64,195.5,200.38,234095
20100216,AAPL,201.94,203.69,201.52,203.4,193437
20100217,AAPL,204.25,204.31,200.86,202.55,155855
20100218,AAPL,201.63,203.89,200.92,202.928,151008
20100219,AAPL,201.85,203.2,201.11,201.67,148476
20100222,AAPL,202.44,202.5,199.19,200.416,139580
20100223,AAPL,199.91,201.33,195.71,197.059,205468
20100224,AAPL,198.5,201.44,197.84,200.656,164487
20100225,AAPL,197.38,202.86,196.89,202,237641
20100226,AAPL,202.45,205.17,202,204.62,181235
20100301,AAPL,205.75,209.5,205.45,208.99,196461
20100302,AAPL,209.97,210.83,207.74,208.85,202337
20100303,AAPL,209.16,209.87,207.94,209.33,132942
20100304,AAPL,209.39,210.92,208.63,210.71,130728
20100305,AAPL,215,219.7,214.63,218.95,321292
20100308,AAPL,219.98,220.09,218.25,219.08,153531
20100309,AAPL,218.15,225,217.89,223.02,328663
20100310,AAPL,223.71,225.48,223.2,224.84,212934
20100311,AAPL,223.86,225.5,223.32,225.5,144892
20100312,AAPL,227.05,227.73,225.75,226.6,148686
20100315,AAPL,225.5,225.5,220.25,223.84,176250
20100316,AAPL,224.19,224.98,222.51,224.45,159609
20100317,AAPL,224.79,226.45,223.27,224.12,161055
20100318,AAPL,223.92,225,222.61,224.65,122181
20100319,AAPL,225.16,225.24,221.23,222.2499,199801
20100322,AAPL,220.5,226,220.15,224.75,163006
20100323,AAPL,225.66,228.78,224.1,228.36,215153
20100324,AAPL,227.85,230.2,227.51,229.37,213671
20100325,AAPL,230.87,230.97,226.25,226.65,194023
20100326,AAPL,228.98,231.95,228.55,230.9,228883
20100329,AAPL,232.91,233.8699,231.62,232.39,193122
20100330,AAPL,236.67,237.48,234.25,235.845,188324
20100331,AAPL,235.85,236.61,234.46,235,153806
20100401,AAPL,237.67,238.73,232.75,235.97,215408
20100405,AAPL,234.99,238.51,234.77,238.49,244466
20100406,AAPL,238.28,240.24,237,239.54,159648
20100407,AAPL,239.72,241.92,238.6601,240.6,224464
20100408,AAPL,240.4,241.54,238.04,239.95,204638
20100409,AAPL,241.46,241.89,240.46,241.79,119350
20100412,AAPL,242.9,243.07,241.81,242.29,119005
20100413,AAPL,242.23,242.8,241.11,242.43,109360
20100414,AAPL,245.17,245.81,244.07,245.69,144312
20100415,AAPL,245.95,249.03,245.51,248.92,134565
20100416,AAPL,248.99,251.14,244.55,247.4,268051
20100419,AAPL,246.55,247.89,241.77,247.07,202472
20100420,AAPL,249.24,249.25,242.955,244.59,263687
20100421,AAPL,258.26,260.25,255.73,259.22,350854
20100422,AAPL,258.18,266.75,256.2,266.4695,283365
20100423,AAPL,267.01,272.18,267,270.83,284626
20100426,AAPL,271.98,272.46,268.19,269.5,171095
20100427,AAPL,267,267.84,260.52,262.04,253336
20100428,AAPL,263,264,256.41,261.6,270857
20100429,AAPL,263.05,270,262.01,268.64,199585
20100430,AAPL,269.74,270.57,261,261.09,193736
20100503,AAPL,264.42,267.88,262.88,266.35,162264
20100504,AAPL,262.44,263.29,256.75,258.68,258506
20100505,AAPL,252.88,258.14,248.73,255.985,315393
20100506,AAPL,254,258.25,199.25,246.25,459235
20100507,AAPL,244,246.57,225.21,235.86,598577
20100510,AAPL,251.17,254.65,248.53,253.99,351537
20100511,AAPL,252,259.89,250.5,256.52,303696
20100512,AAPL,259.64,263.13,258.7,262.09,233706
20100513,AAPL,263.26,265,256.4,258.36,214182
20100514,AAPL,255.21,256.48,249.5,253.82,271200
20100517,AAPL,254.16,256.18,247.71,254.22,272440
20100518,AAPL,257.035,258.55,250.26,252.36,279527
20100519,AAPL,249.48,252.92,244.85,248.34,366330
20100520,AAPL,241.4,243.85,236.21,237.76,458183
20100521,AAPL,231.65,244.5,231.35,242.32,437109
20100524,AAPL,247.26,250.9,246.26,246.76,268394
20100525,AAPL,239.9,246.76,237.16,245.22,374290
20100526,AAPL,250.2,252.13,243.75,244.109,303805
20100527,AAPL,250.73,253.89,249.11,253.35,237964
20100528,AAPL,259.18,259.4,253.35,256.88,291290
20100601,AAPL,259.7,265.94,258.96,260.83,313026
20100602,AAPL,264.74,264.8,260.335,263.95,245909
20100603,AAPL,265.2,265.55,260.41,263.12,232199
20100604,AAPL,258.47,261.9,254.63,255.965,270872
20100607,AAPL,258.37,259.15,250.55,250.94,316779
20100608,AAPL,253.38,253.8,245.65,249.33,357417
20100609,AAPL,251.56,251.9,242.49,243.2,305224
20100610,AAPL,244.81,250.98,242.2,250.51,277269
20100611,AAPL,248.17,253.86,247.37,253.51,194914
20100614,AAPL,256.09,259.15,254.01,254.28,215343
20100615,AAPL,255.6,259.85,255.5,259.69,208954
20100616,AAPL,261,267.75,260.6302,267.25,279889
20100617,AAPL,270.72,272.9,269.5,271.87,311950
20100618,AAPL,272.23,275,271.42,274.074,280221
20100621,AAPL,277.75,279.01,268.73,270.17,277317
20100622,AAPL,272.24,275.97,271.5,273.85,256164
20100623,AAPL,274.57,274.66,267.9,270.97,274448
20100624,AAPL,270.97,273.195,268.1,269,255404
20100625,AAPL,270.02,270.27,265.81,266.7,196407
20100628,AAPL,266.99,269.75,264.52,268.3,209083
20100630,AAPL,256.74,257.97,250.01,251.53,264095
20100701,AAPL,254.11,254.8,243.22,248.48,365340
20100702,AAPL,250.7,250.93,243.2,246.94,248034
20100707,AAPL,250.62,258.77,249.75,258.665,233771
20100708,AAPL,262.58,262.9,254.89,258.09,263625
20100709,AAPL,256.9,259.9,255.16,259.62,154847
20100712,AAPL,258.53,261.85,254.86,257.285,201027
20100713,AAPL,256.21,256.4,246.43,251.798,425340
20100714,AAPL,249.19,255.8,249,252.727,290061
20100715,AAPL,248.27,256.97,247.3,251.45,294594
20100716,AAPL,253.06,254.97,248.41,249.9,371377
20100719,AAPL,249.74,249.88,239.6,245.58,365892
20100720,AAPL,242.47,252.9,240.01,251.89,383910
20100721,AAPL,264.99,265.15,254,254.24,423453
20100722,AAPL,257.72,260,255.31,259.024,230470
20100723,AAPL,257.21,260.38,256.28,259.94,190495
20100726,AAPL,259.98,260.0998,257.71,259.28,150196
20100727,AAPL,260.68,264.8,260.3,264.08,208846
20100728,AAPL,263.67,265.99,260.25,260.96,185708
20100729,AAPL,260.71,262.65,256.1,258.11,229930
20100730,AAPL,255.75,259.7,254.9,257.25,160162
20100802,AAPL,260.44,262.59,259.62,261.85,152887
20100804,AAPL,262.77,264.28,260.311,262.98,150198
20100805,AAPL,261.48,263.18,260.55,261.7,103343
20100806,AAPL,259.7,261.49,257.63,260.091,158933
20100809,AAPL,261.49,262.15,259.57,261.75,108259
20100810,AAPL,259.85,260.45,257.55,259.41,161399
20100811,AAPL,255.14,255.69,249.81,250.19,221447
20100812,AAPL,246.6,253.1,246.12,251.79,191042
20100813,AAPL,251.03,251.88,249.09,249.1,126738
20100816,AAPL,247.72,250.01,246.62,247.64,113724
20100817,AAPL,250.11,254.63,249.2,251.97,150946
20100819,AAPL,252.78,253.48,248.68,249.88,152394
20100820,AAPL,249.38,253.92,249,249.64,137224